Date,Flux,Nb appels reçus,nb_ae,nb_ae_tr90,DMR,dmt,Year,Mois,Semaine,Year_Sem,jsem,creneau,BTS,cs_ae_tr90,cs_ae,cs_tr90
2022-06-15,PILOTAGE_TECHNICIEN,64,64,41,67,305,2022,6,24,2022_24,Mercredi,08:00,True,41,64,64.0625
2022-06-15,VALIDATION_CR,9,9,7,47,313,2022,6,24,2022_24,Mercredi,08:00,True,48,73,65.75342465753424
2022-06-15,PILOTAGE_TECHNICIEN,63,63,59,37,292,2022,6,24,2022_24,Mercredi,08:30,True,107,136,78.67647058823529
2022-06-15,VALIDATION_CR,37,37,36,21,304,2022,6,24,2022_24,Mercredi,08:30,True,143,173,82.65895953757226
2022-06-15,PILOTAGE_TECHNICIEN,57,56,30,100,352,2022,6,24,2022_24,Mercredi,09:00,True,173,229,75.54585152838428
2022-06-15,VALIDATION_CR,62,62,43,75,301,2022,6,24,2022_24,Mercredi,09:00,True,216,291,74.22680412371135
2022-06-15,PILOTAGE_TECHNICIEN,48,47,22,85,378,2022,6,24,2022_24,Mercredi,09:30,True,238,338,70.41420118343196
2022-06-15,VALIDATION_CR,61,58,40,72,368,2022,6,24,2022_24,Mercredi,09:30,True,278,396,70.2020202020202
2022-06-15,PILOTAGE_TECHNICIEN,56,56,33,86,459,2022,6,24,2022_24,Mercredi,10:00,True,311,452,68.80530973451327
2022-06-15,VALIDATION_CR,41,41,23,87,303,2022,6,24,2022_24,Mercredi,10:00,True,334,493,67.74847870182555
2022-06-15,PILOTAGE_TECHNICIEN,46,45,28,67,360,2022,6,24,2022_24,Mercredi,10:30,True,362,538,67.28624535315984
2022-06-15,VALIDATION_CR,50,50,34,66,347,2022,6,24,2022_24,Mercredi,10:30,True,396,588,67.3469387755102
2022-06-15,PILOTAGE_TECHNICIEN,49,49,49,33,380,2022,6,24,2022_24,Mercredi,11:00,True,445,637,69.85871271585557
2022-06-15,VALIDATION_CR,70,69,67,33,305,2022,6,24,2022_24,Mercredi,11:00,True,512,706,72.52124645892351
2022-06-15,PILOTAGE_TECHNICIEN,54,54,49,37,368,2022,6,24,2022_24,Mercredi,11:30,True,561,760,73.81578947368422
2022-06-15,VALIDATION_CR,62,61,59,31,301,2022,6,24,2022_24,Mercredi,11:30,True,620,821,75.51766138855055
2022-06-15,PILOTAGE_TECHNICIEN,46,45,27,90,357,2022,6,24,2022_24,Mercredi,12:00,True,647,866,74.71131639722863
2022-06-15,VALIDATION_CR,48,48,18,113,353,2022,6,24,2022_24,Mercredi,12:00,True,665,914,72.75711159737418
2022-06-15,PILOTAGE_TECHNICIEN,37,37,25,72,369,2022,6,24,2022_24,Mercredi,12:30,True,690,951,72.55520504731862
2022-06-15,VALIDATION_CR,45,44,28,72,328,2022,6,24,2022_24,Mercredi,12:30,True,718,995,72.1608040201005
2022-06-15,PILOTAGE_TECHNICIEN,43,41,10,119,367,2022,6,24,2022_24,Mercredi,13:00,True,728,1036,70.27027027027027
2022-06-15,VALIDATION_CR,54,53,19,103,311,2022,6,24,2022_24,Mercredi,13:00,True,747,1089,68.59504132231406
2022-06-15,PILOTAGE_TECHNICIEN,33,33,8,119,392,2022,6,24,2022_24,Mercredi,13:30,True,755,1122,67.29055258467022
2022-06-15,VALIDATION_CR,46,46,18,109,336,2022,6,24,2022_24,Mercredi,13:30,True,773,1168,66.18150684931507
2022-06-15,PILOTAGE_TECHNICIEN,54,53,16,132,356,2022,6,24,2022_24,Mercredi,14:00,True,789,1221,64.61916461916462
2022-06-15,VALIDATION_CR,38,37,15,123,335,2022,6,24,2022_24,Mercredi,14:00,True,804,1258,63.910969793322735
2022-06-15,PILOTAGE_TECHNICIEN,52,50,24,110,359,2022,6,24,2022_24,Mercredi,14:30,True,828,1308,63.30275229357798
2022-06-15,VALIDATION_CR,40,39,16,100,352,2022,6,24,2022_24,Mercredi,14:30,True,844,1347,62.657757980697845
2022-06-15,PILOTAGE_TECHNICIEN,58,58,35,86,429,2022,6,24,2022_24,Mercredi,15:00,True,879,1405,62.56227758007118
2022-06-15,VALIDATION_CR,36,35,26,63,332,2022,6,24,2022_24,Mercredi,15:00,True,905,1440,62.84722222222222
2022-06-15,VALIDATION_CR,44,44,1,236,312,2022,6,24,2022_24,Mercredi,15:30,True,906,1484,61.05121293800539
2022-06-15,PILOTAGE_TECHNICIEN,46,46,17,183,394,2022,6,24,2022_24,Mercredi,16:00,True,923,1530,60.326797385620914
2022-06-15,VALIDATION_CR,71,71,30,156,333,2022,6,24,2022_24,Mercredi,16:00,True,953,1601,59.52529668956902
2022-06-15,PILOTAGE_TECHNICIEN,47,47,42,44,399,2022,6,24,2022_24,Mercredi,16:30,True,995,1648,60.37621359223301
2022-06-15,VALIDATION_CR,56,55,51,39,325,2022,6,24,2022_24,Mercredi,16:30,True,1046,1703,61.42102172636523
2022-06-15,PILOTAGE_TECHNICIEN,48,47,4,174,320,2022,6,24,2022_24,Mercredi,17:00,True,1050,1750,60.0
2022-06-15,VALIDATION_CR,43,43,10,144,346,2022,6,24,2022_24,Mercredi,17:00,True,1060,1793,59.11879531511433
2022-06-15,PILOTAGE_TECHNICIEN,55,55,20,129,379,2022,6,24,2022_24,Mercredi,17:30,True,1080,1848,58.44155844155844
2022-06-15,VALIDATION_CR,38,36,16,109,348,2022,6,24,2022_24,Mercredi,17:30,True,1096,1884,58.174097664543524
2022-06-15,PILOTAGE_TECHNICIEN,23,23,16,86,339,2022,6,24,2022_24,Mercredi,18:00,True,1112,1907,58.3114840062926
2022-06-15,VALIDATION_CR,43,42,17,151,323,2022,6,24,2022_24,Mercredi,18:00,True,1129,1949,57.927142124166245
2022-06-15,VALIDATION_CR,68,68,3,215,293,2022,6,24,2022_24,Mercredi,18:30,True,1132,2017,56.12295488349033
2022-06-15,PILOTAGE_TECHNICIEN,7,7,1,232,308,2022,6,24,2022_24,Mercredi,19:00,True,1133,2024,55.97826086956522
2022-06-15,VALIDATION_CR,38,37,9,213,286,2022,6,24,2022_24,Mercredi,19:00,True,1142,2061,55.409995147986415
2022-06-15,PILOTAGE_TECHNICIEN,2,2,2,17,209,2022,6,24,2022_24,Mercredi,19:30,True,1144,2063,55.45322346097916
2022-06-15,VALIDATION_CR,9,9,9,10,292,2022,6,24,2022_24,Mercredi,19:30,True,1153,2072,55.64671814671814
